.Random.seed <-
c(403L, 12L, -829515107L, -1499613417L, 1058346622L, 1089361464L, 
31306011L, 1394267769L, -111603000L, -982768906L, 1368025905L, 
-1184228509L, -695455438L, 857068164L, 110411463L, -1879456355L, 
-1207103212L, -616841286L, -1609516539L, -1811493921L, -726179226L, 
-1052746256L, 1741777683L, -577211215L, -947140768L, 849413374L, 
1138754697L, -552492101L, -837661302L, -739111828L, -1333549585L, 
-1155383771L, 905960156L, -208645966L, -1571134547L, 729257831L, 
1870783630L, -1553702552L, -737484437L, -1769352439L, -1883273832L, 
2130474182L, 1722797601L, 528379571L, -1902341086L, 1703955988L, 
710034071L, 1535253645L, 1249700L, 2021505930L, 522049525L, -1613965745L, 
-1257115306L, 711613440L, -1830333117L, 203528417L, -1742917040L, 
1312706222L, -1683514791L, -1303960981L, 1762019290L, -155555684L, 
556509855L, -328333067L, -1732767348L, -988537758L, 1097165885L, 
949034679L, 328219998L, 150021272L, -515141637L, 897488281L, 
-1679759832L, 1812324054L, -998327471L, 292167171L, 1818345874L, 
-1235640540L, 930861543L, 601259581L, -1037653836L, 1004846874L, 
472724581L, -862634753L, -410374778L, -386358512L, 985495475L, 
1357929553L, 1794506752L, -743264034L, 1872661289L, -1236011301L, 
58893802L, 2068065676L, 1244955343L, -2115436923L, 461741372L, 
-2050564078L, -1630384371L, 1667951687L, -1235853778L, 1751656328L, 
-207637877L, 65029225L, -152999880L, 2040307942L, -822482815L, 
-420949997L, -963586110L, 1642115188L, 2113504887L, 1953093485L, 
1366640644L, -2006408406L, -76916587L, -461797585L, -1185305034L, 
-767034784L, -304559965L, -1658524735L, -119756880L, -400944434L, 
619065401L, 1404954187L, 1610148858L, 744789756L, -1919304897L, 
-776195051L, -400937172L, 1352025090L, -1894603043L, -947694121L, 
-1962024770L, -1710861576L, 1596078299L, 2032241465L, 341868168L, 
-1234834890L, -2058083727L, 1421416611L, 563065330L, 1139351876L, 
1126038023L, 978159581L, -113336108L, 1474150394L, 1729115973L, 
-1331743841L, 898029862L, 1025681840L, 1123574355L, 2033896817L, 
-400565088L, -855802818L, 1179497289L, 2087059963L, -18569782L, 
-1239880916L, -428932305L, 1320663525L, 1840637084L, -2114465550L, 
-2062800531L, -533002585L, 584149198L, -1154619864L, 1567321643L, 
251470921L, -716106408L, -804500474L, 1799810529L, 861443955L, 
-197757982L, 1139678036L, -1163987369L, -64352691L, -1386651164L, 
898087882L, 1609432629L, 1258996879L, 879324566L, 983470400L, 
8940547L, -1600909791L, -2088306416L, 918058734L, 132795033L, 
825484075L, -1092399590L, -282614564L, -2066564897L, -1649977675L, 
-1249669044L, 1994280098L, 377404413L, 857131255L, -1762947554L, 
-1644379944L, -413522885L, 229871065L, 1839741800L, -1977878890L, 
-1709395951L, 2033209795L, 138845650L, 1054692452L, -1865776217L, 
309734653L, 647825652L, 579002330L, 34698021L, -1775902145L, 
-738129466L, -722559408L, 734319219L, -1840716143L, -150184256L, 
80537758L, 970835049L, -1365774181L, 306311594L, -1269380660L, 
-1333713777L, -1834599227L, -1042305924L, -2118377262L, 159711309L, 
382785799L, 1249512686L, 643347860L, -72887214L, -1542628896L, 
54160588L, -902784864L, 923842946L, 1951910120L, -2097280276L, 
-324029124L, -1933642638L, 1430047856L, 2083615780L, -51150792L, 
-682282214L, 1619584208L, -1266318532L, 1509379988L, -546621566L, 
1962876352L, -207056324L, -1742857840L, -391536094L, 702692616L, 
650814092L, -487413988L, -1942546286L, 1605831040L, -295474668L, 
1066414888L, -2115535302L, -1197243952L, -1335999124L, 1649613748L, 
1293011986L, -124225056L, -207520820L, 1205270752L, -1263488990L, 
597667112L, 1196641804L, -306238660L, 1357145074L, 1239273200L, 
1236324932L, -385364392L, 256144186L, -11443728L, 240352956L, 
-826749676L, -247867710L, 668784736L, 631031676L, 573844432L, 
1894452514L, 209868456L, 1656499084L, 1778425020L, -982038734L, 
-1137616320L, -1900699468L, -1042920888L, -1025241670L, 229302800L, 
-1935550740L, -737692332L, 2061137170L, -1676076640L, 647755468L, 
1389334112L, 1569749954L, 354560808L, 1064270764L, 1093779260L, 
790715762L, -1924411600L, -2086275804L, -655260872L, 228589274L, 
1449192336L, 1702632188L, -475397228L, -43114430L, 1573519616L, 
-1516790724L, -993847984L, 637513890L, -901601976L, -838874356L, 
-1716393252L, -268447406L, -286488448L, 1923099732L, -1833352216L, 
-243884806L, -1629913264L, -810928340L, 814644596L, 2023718802L, 
10542176L, 567887244L, 228504416L, 1914131938L, 1336001448L, 
1743571148L, 1787220988L, -1331936846L, 1741073904L, 516210628L, 
-1867691688L, 1424751994L, -972544080L, -129008196L, 1454519380L, 
-1493837886L, 456443936L, -2122760004L, 658814544L, -1746323486L, 
1459492968L, -1235027892L, -1999575812L, 563865586L, -1630626560L, 
1277068660L, 483819528L, -1628281926L, 1657636304L, 1216970732L, 
1961231764L, -1544322606L, 791042400L, -1618830516L, -1251139296L, 
1681672066L, -308953368L, -871798548L, 1379878972L, 1712910194L, 
-979562896L, 334146596L, -730636488L, 921824410L, 263033552L, 
534106300L, -1246417260L, -1540641150L, -248045376L, 41133884L, 
-1144975216L, 1776987682L, 1579854856L, -1152529140L, -1645581156L, 
1112535570L, 990393216L, -1457187308L, 416296488L, 810704186L, 
-1691628080L, -1693505428L, 1788446004L, -1292752238L, -1789538464L, 
-1040388276L, -1004451872L, 2127707042L, 371186600L, -1928939124L, 
-1215890244L, 516466L, 525224176L, 1692989508L, 512615768L, -2039592390L, 
281677680L, 1826745404L, -1484479724L, 1770702274L, -1933627680L, 
520924028L, -456559920L, -545813342L, 601710632L, 1008253196L, 
-472642628L, 812653874L, 1385775552L, -256107980L, 1787539400L, 
-2078909254L, 920514960L, 1744323052L, -133851564L, 1461474450L, 
221668128L, -1518411316L, 44307936L, 457475778L, -1897936856L, 
-1679018324L, 997580988L, 1175018994L, -1020236496L, 1179075748L, 
1060838072L, 68393306L, -255374960L, 267339644L, -785356524L, 
-35676350L, 1618702080L, -1694456900L, -367725744L, -459546846L, 
1958913352L, 1228516876L, -2008704932L, -342372142L, -1471164928L, 
-2069261996L, 1696087528L, -849478662L, 875355344L, -814851796L, 
-667539724L, 1301413266L, -1779933088L, 635217232L, 1961886841L, 
-2025007189L, -2077156068L, -252806582L, -151806401L, 1995272841L, 
1051301534L, -2088328372L, 634184477L, 558920359L, -1700431408L, 
-1615220370L, 907893787L, 397997437L, 1503511402L, 665212424L, 
1488579249L, 1318360355L, 1817380388L, -700183342L, 400051495L, 
1896376177L, -1954970186L, -98144940L, 1875643365L, 1738872303L, 
1493876008L, 1102712198L, 861850035L, -1176812267L, 1026451314L, 
1955709888L, -480230359L, -1270689637L, 1703296364L, 1220191610L, 
362399407L, 334441913L, -1619742770L, -2036277476L, -1779380595L, 
75017975L, -1544740352L, -1724912546L, -307278037L, -1350706131L, 
-535917414L, -400687016L, 293218241L, 1386522739L, -1549680236L, 
1280249890L, -548407497L, 504166913L, -1139195130L, 2022215492L, 
260858485L, -1838066721L, 1155454776L, -561049322L, 610487587L, 
672636645L, 10741506L, -1221735056L, -359477991L, -308853493L, 
-104028676L, 1334033962L, -2141673889L, 1438938601L, -328374530L, 
1138431724L, -596613571L, -1945086457L, 217397744L, -2017269362L, 
-1747255365L, 1587308957L, -1162909878L, -1754178712L, 1950457169L, 
621801027L, 242668356L, -1547194382L, -904745529L, -2026130543L, 
1376660246L, -1774919820L, 1375346181L, -1707276721L, -713670072L, 
-634219546L, 703233299L, -2084425099L, 1749950546L, 2133365408L, 
-1825038455L, 361266107L, -784434164L, 1169484186L, -526620401L, 
2097780569L, -1930872338L, 1752425596L, 540672237L, 1931331479L, 
-2058461088L, -1053474242L, -1755839733L, -6063731L, 1627865786L, 
476612856L, 1989457569L, 1611976275L, 1730015604L, 568731394L, 
1811943319L, 1036747105L, 80759206L, -1520732L, -1188153771L, 
-86231297L, -726099048L, 960175286L, 1258355011L, 542355589L, 
-952448734L, 230832656L, 1648337337L, 240374379L, 1219546460L, 
-1126171510L, -1978411905L, -1479025207L, 1817368158L, 1066718476L, 
-1719136035L, -152183321L, -179501552L, -1427023058L, -2087632933L, 
266911933L, -909972950L, -182069560L, 875336689L, -1469737629L, 
